1000 545
1100 605
1200 672
1300 737
1400 817
1500 860
1600 937
1700 1003
1800 1064
1900 1143
2000 1205
2100 1275
2200 1342
2300 1403
2400 1485
2500 1557
2600 1625
2700 1697
2800 1798
2900 1845
3000 1910
3100 1985
3200 2056
3300 2128
3400 2207
3500 2277
3600 2352
3700 2431
3800 2498
3900 2550
4000 2644
4100 2692
4200 2798
4300 2867
4400 2945
4500 3017
4600 3097
4700 3167
4800 3267
4900 3331
5000 3389
5100 3479
5200 3547
5300 3630
5400 3708
5500 3760
5600 3865
5700 3940
5800 3986
5900 4085
6000 4165
6100 4262
6200 4336
6300 4414
6400 4491
6500 4567
6600 4643
6700 4722
6800 4797
6900 4880
7000 4964
7100 5041
7200 5122
7300 5197
7400 5279
7500 5337
7600 5400
7700 5509
7800 5562
7900 5671
8000 5750
8100 5831
8200 5903
8300 5953
8400 6068
8500 6130
8600 6456
8700 6463
8800 6475
8900 6490
9000 6520
9100 6614
9200 6729
9300 6791
9400 6837
9500 6956
9600 7002
9700 7107
9800 7232
9900 7302
10000 7372
