1000 3360
1100 4063
1200 4812
1300 5632
1400 6520
1500 7540
1600 8494
1700 9597
1800 10738
1900 11989
2000 13224
2100 14676
2200 15979
2300 17453
2400 18980
2500 20606
2600 22276
2700 23978
2800 25780
2900 27650
3000 29578
3100 31574
3200 33627
3300 35812
3400 37923
3500 40223
3600 42510
3700 44877
3800 47356
3900 50196
4000 52437
4100 55053
4200 57809
4300 60549
4400 63387
4500 66499
4600 69313
4700 72267
4800 75389
4900 78529
5000 81748
5100 85133
5200 88390
5300 97916
5400 95606
5500 98993
5600 102463
5700 106171
5800 109970
5900 113764
6000 117588
6100 121621
6200 125549
6300 129601
6400 133809
6500 137968
6600 142669
6700 146515
6800 150930
6900 155528
7000 159886
7100 164505
7200 169140
7300 173919
7400 178634
7500 183689
7600 188474
7700 193383
7800 198387
7900 203549
8000 208837
8100 214010
8200 219269
8300 224598
8400 230016
8500 236077
8600 241115
8700 246789
8800 252451
8900 258366
9000 264030
9100 270177
9200 275923
9300 282051
9400 288009
9500 294159
9600 303493
9700 308138
9800 313040
9900 319433
10000 326164
