100000 94090.4 89244.5
110000 105081 99982.4
120000 114892 110798
130000 126021 121685
140000 136216 132638
150000 145709 143652
160000 156647 154723
170000 168180 165848
180000 178403 177023
190000 188707 188245
200000 199685 199512
210000 210708 210822
220000 221552 222173
230000 232420 233563
240000 243461 244990
250000 254662 256452
260000 265366 267949
270000 276605 279479
280000 287827 291040
290000 299386 302632
300000 310510 314253
310000 322005 325903
320000 335372 337580
330000 350413 349284
340000 356643 361014
350000 367559 372769
360000 379052 384549
370000 390619 396352
380000 401879 408179
390000 413620 420028
400000 425216 431898
410000 436059 443791
420000 447689 455704
430000 458859 467637
440000 470444 479590
450000 483046 491563
460000 536357 503555
470000 559447 515565
480000 540887 527594
490000 537031 539640
500000 542276 551704
