1000 6204 4094.12
1100 6338.6 4591.1
1200 6575.6 5138.48
1300 6992 5736.25
1400 7006.6 6384.41
1500 7234 7082.96
1600 7614.8 7831.9
1700 7720 8631.23
1800 8153.4 9480.96
1900 9091 10381.1
2000 10070 11331.6
2100 11067.4 12332.5
2200 12253.4 13383.8
2300 13290.4 14485.4
2400 14543.4 15637.5
2500 15689.2 16840
2600 16893.4 18092.8
2700 19381.6 19396.1
2800 21135 20749.7
2900 24089.4 22153.7
3000 24005.6 23608.2
3100 24175.4 25113
3200 25603.8 26668.2
3300 27342.4 28273.8
3400 29136 29929.8
3500 30730 31636.1
3600 32525.2 33392.9
3700 34730.6 35200.1
3800 36306.8 37057.6
3900 37880.4 38965.5
4000 39740.2 40923.9
4100 44200.2 42932.6
4200 46966.8 44991.7
4300 49182.6 47101.2
4400 51960.2 49261.1
4500 53695 51471.4
4600 57038.6 53732.1
4700 60341.6 56043.2
4800 57497.2 58404.6
4900 61090.2 60816.5
5000 62235.8 63278.7
5100 64821.8 65791.4
5200 68397.8 68354.4
5300 71386.6 70967.8
5400 73380 73631.6
5500 75729.4 76345.8
5600 78811.2 79110.4
5700 81880.4 81925.4
5800 84662.4 84790.8
5900 87931 87706.5
6000 91600 90672.7
6100 93720.2 93689.2
6200 95540.6 96756.2
6300 98395.6 99873.5
6400 102684 103041
6500 106785 106259
6600 109925 109528
6700 111059 112847
6800 114878 116216
6900 119439 119636
7000 123310 123106
7100 127635 126626
7200 128546 130197
7300 133892 133818
7400 137473 137490
7500 139104 141212
7600 144398 144984
7700 149321 148807
7800 151978 152680
7900 156161 156604
8000 158930 160578
8100 164411 164602
8200 166874 168677
8300 172087 172802
8400 174914 176978
8500 200243 181204
8600 186326 185480
8700 188447 189807
8800 193474 194184
8900 196707 198611
9000 200766 203089
9100 206584 207618
9200 213285 212196
9300 215906 216825
9400 222124 221505
9500 225528 226235
9600 230576 231015
9700 234250 235846
9800 241965 240727
9900 244870 245658
10000 250663 250640
