1000 2359 903.238
1100 763.14 958.009
1200 817.24 1013.41
1300 908 1069.38
1400 979.62 1125.88
1500 1058.68 1182.88
1600 1148.38 1240.33
1700 1226.96 1298.22
1800 1310.42 1356.51
1900 1392.16 1415.18
2000 1470.44 1474.21
2100 1554.12 1533.59
2200 1467.8 1593.3
2300 1560.94 1653.32
2400 1624.3 1713.64
2500 1730.86 1774.25
2600 1789.72 1835.13
2700 1806.04 1896.28
2800 1867.12 1957.68
2900 1978.76 2019.32
3000 2062.36 2081.21
3100 2096.42 2143.32
3200 2150.84 2205.66
3300 2212.98 2268.21
3400 2296.16 2330.97
3500 2364.2 2393.94
3600 2432.34 2457.1
3700 2524.24 2520.45
3800 2580.5 2583.99
3900 2607.24 2647.7
4000 2665.68 2711.6
4100 2762.34 2775.67
4200 2840.08 2839.9
4300 2961.64 2904.3
4400 2992.2 2968.86
4500 3082.14 3033.57
4600 3181.58 3098.44
4700 3231.24 3163.46
4800 3285.22 3228.63
4900 3431.28 3293.93
5000 3449.66 3359.38
