1000 5582.7 4076.03
1100 4046.46 4522.04
1200 4647.02 5032.16
1300 5302.42 5606.4
1400 5940.7 6244.75
1500 6700.72 6947.22
1600 7612.42 7713.8
1700 8567.06 8544.49
1800 9445.04 9439.3
1900 10375.1 10398.2
2000 11366.9 11421.3
2100 12154.8 12508.4
2200 13461.1 13659.7
2300 14793.9 14875
2400 16021.5 16154.5
2500 17683.9 17498.1
2600 19111.8 18905.8
2700 20456.9 20377.7
2800 21472.2 21913.6
2900 23410.6 23513.7
3000 24759.1 25177.9
3100 27189 26906.1
3200 29227.2 28698.5
3300 32436.4 30555.1
3400 33342.9 32475.7
3500 35750.3 34460.4
3600 36661.9 36509.3
3700 37855 38622.3
3800 40229.4 40799.3
3900 42470.6 43040.5
4000 44527.7 45345.8
4100 46823.6 47715.3
4200 49953.6 50148.8
4300 52614 52646.5
4400 54730.7 55208.2
4500 57440.9 57834.1
4600 61584.9 60524.1
4700 62293.8 63278.2
4800 65139.7 66096.4
4900 72183.9 68978.8
5000 70930.8 71925.2
